%YAML:1.0
---
cameraMatrix: !!opencv-matrix
   rows: 3
   cols: 3
   dt: d
   data: [ 2785.2862315756065, 0., 900.98455977306924, 0.,
       3159.3902844264894, 541.5597080349014, 0., 0., 1. ]
distCoeffs: !!opencv-matrix
   rows: 1
   cols: 5
   dt: d
   data: [ -0.53427631218350147, -0.46292941643821978,
       0.02605518394678898, 0.011535150294048427, 5.5380366706534652 ]
